--- NLP Pipeline Output (First 20 results) ---
Output file generated at: C:\Users\STMTLS\AppData\Local\Temp\scala3\src\results\lab17_pipeline_output.txt

================================================================================
Original Text: Beginners BBQ Class Taking Place in Missoula!
Do you want to get better at making delicious BBQ? You...
TF-IDF Vector: (20000,[264,298,673,717,829,1271,1466,1499,1600,2049,2543,2953,3249,3557,4490,4941,5834,6061,6390,6408,6726,6860,7229,7334,7779,7881,8210,8323,8438,8522,9156,9360,9426,11073,11413,11781,12871,12968,13480,13703,14007,14399,14832,15191,15416,15788,15968,16537,16924,16976,17061,17390,17712,18063,18190,18359,18440,18871,18893,18952,19126,19348],[0.41714098003927325,0.07317327351415372,0.0867528579913561,0.07883199094703615,0.11050368543706043,0.14527377908362138,0.09408468949249713,0.06713409094096152,0.13940376743614113,0.0847020025945164,0.10387081763507239,0.12116984582226623,0.06747352775745406,0.15284154031229052,0.19555382248024922,0.15284154031229052,0.1346076186984156,0.058331079865131835,0.05289910589591536,0.22100737087412087,0.10880593585587157,0.0897625353494976,0.14527377908362138,0.05155960259349699,0.04633169289025115,0.15284154031229052,0.12703985746974647,0.07233809262812174,0.09925934818912097,0.10293592420839132,0.06781740178206848,0.052703521438898976,0.06893919965004812,0.052703521438898976,0.13940376743614113,0.08897722365051118,0.06396085250695359,0.09504137631412905,0.12394145831320978,0.10428524500981831,0.36907905529274204,0.13940376743614113,0.09504137631412905,0.08341852910729132,0.11050368543706043,0.16350770069749632,0.15284154031229052,0.03789889627897544,0.11866261734857833,0.07113302750979027,0.05956632971229243,0.16350770069749632,0.04276172689851099,0.10428524500981831,0.05309615541869404,0.10042869573470342,0.0749276560306461,0.06086245335041688,0.06851893637748119,0.0749276560306461,0.06851893637748119,0.1346076186984156])
================================================================================

================================================================================
Original Text: Discussion in 'Mac OS X Lion (10.7)' started by axboi87, Jan 20, 2012.
I've got a 500gb internal dri...
TF-IDF Vector: (20000,[406,643,651,1023,1349,1695,1845,1850,1994,2137,2207,2625,2672,2707,2944,2990,3116,3192,3281,3900,4182,4206,4501,4748,4988,4991,5015,5038,5780,6403,6431,6447,7216,7289,7317,7439,7569,7953,8100,8295,8348,9012,9100,9188,9227,9330,9667,9810,10001,10168,10220,10383,10588,10815,10922,10960,11148,11558,11623,11909,11963,12155,12196,12211,12531,12668,12692,12971,13092,13286,13303,13525,13549,13635,13652,13834,13855,13958,14053,14319,14394,14893,14898,14921,15108,15133,15315,15619,15685,15775,15815,15918,16010,16325,16406,16451,16537,16627,16683,16984,17000,17353,18014,18248,18255,18267,18305,18454,18490,18493,19527],[0.06777178624622181,0.06777178624622181,0.06503336244293606,0.02613489375792173,0.1773513122805263,0.03196482351656993,0.28520891422878053,0.033556233333322076,0.3139795363997129,0.0411530995366378,0.04264244331399696,0.14260445711439027,0.04630555748494898,0.06141009782520904,0.03951439861117842,0.03495456042013219,0.10310232439880858,0.038626877461798874,0.05782002831366335,0.041508835386967445,0.16603534154786978,0.02414045698213271,0.11588063238539661,0.029978681453852962,0.03653295642068822,0.06503336244293606,0.03393976540736509,0.025144677218267103,0.0330025141097149,0.017373427583068028,0.0411530995366378,0.03495456042013219,0.1755660933596942,0.06777178624622181,0.0493137070364108,0.05782002831366335,0.09484393130179372,0.029978681453852962,0.06279590727994258,0.03921137018985706,0.03393976540736509,0.03453851964489919,0.06777178624622181,0.03393976540736509,0.05805798037611816,0.051860710462195175,0.04742196565089686,0.0468510707386597,0.03606089716366589,0.07130222855719513,0.12559181455988516,0.037799236207696436,0.06090416589442863,0.02403269526710798,0.0411530995366378,0.04793276550221824,0.26013344977174424,0.03516799236536346,0.03264677825938525,0.16958112349705054,0.2139066856715854,0.031477129109613984,0.03606089716366589,0.026769795378064398,0.12452650616090234,0.06279590727994258,0.07627810752347434,0.06279590727994258,0.05330729969111291,0.04865019260889523,0.03318432525022428,0.016449551793578876,0.05782002831366335,0.02396638275110912,0.031162444495373035,0.03951439861117842,0.06090416589442863,0.035385202062671,0.059265464968969256,0.02666167108811091,0.04225282241446417,0.054289586002690036,0.06090416589442863,0.06503336244293606,0.045282296085145224,0.037524360815397416,0.0493137070364108,0.07355194961578534,0.035606325658121406,0.10310232439880858,0.03282335724141721,0.06503336244293606,0.02902899018805908,0.4144622357387904,0.040148066179580603,0.02212412541458963,0.08840122125920631,0.05652704116568351,0.0237098153395939,0.2033153587386654,0.04630555748494898,0.034335671596419606,0.26013344977174424,0.043044840922151745,0.04865019260889523,0.03070504891260452,0.059957362907705924,0.04802071988843097,0.030556295242536582,0.09730038521779046,0.03598985773216442])
================================================================================

================================================================================
Original Text: Foil plaid lycra and spandex shortall with metallic slinky insets. Attached metallic elastic belt wi...
TF-IDF Vector: (20000,[55,110,717,750,1470,2902,3115,3344,3690,6876,8149,10486,13224,13323,15595,16443,17908,18574,19251,19791,19895,19953],[0.4179110262909888,0.2190782568664728,0.1359445413901149,0.07610518904558831,0.2505223708836734,0.18488395129672824,0.09776746257948848,0.08178312332589169,0.18763414284927227,0.240399627162695,0.21373511574674778,0.240399627162695,0.18488395129672824,0.240399627162695,0.240399627162695,0.1508468877123466,0.21373511574674778,0.2505223708836734,0.20463183666693463,0.225135810662146,0.20463183666693463,0.16738865540731546])
================================================================================

================================================================================
Original Text: How many backlinks per day for new site?
Discussion in 'Black Hat SEO' started by Omoplata, Dec 3, 2...
TF-IDF Vector: (20000,[298,585,591,761,790,1257,1675,2270,2634,3509,3526,3862,4090,4206,4292,4376,4702,4775,4818,4858,5267,5559,5741,5891,5925,5931,6044,6403,6602,7310,7343,7953,7973,8458,8791,8904,9133,9257,9413,9546,9681,10222,10288,10815,11099,11344,11384,11896,11948,12053,12515,12827,12996,13014,13048,13103,13303,13391,13525,13571,14394,14892,14943,15052,15188,15315,15662,16151,16216,16954,17036,17061,17315,17538,17642,18217,18229,18267,18616,19893,19917],[0.11416739182176604,0.06963657814054394,0.10875121320924509,0.07065674488413105,0.08030203807515786,0.1275550951523055,0.08914245391208499,0.10875121320924509,0.06557071508466915,0.05401504425424126,0.05401504425424126,0.08914245391208499,0.1275550951523055,0.08073714430915713,0.06233589456918615,0.06069327877799774,0.08762162923172621,0.0966888069553721,0.06109177172495826,0.04854335963269272,0.0537319812569232,0.08620577532725658,0.059918781506339974,0.2744422083924027,0.04188939683493731,0.07958091337439527,0.05643215731708744,0.02905249330940655,0.10527445761452833,0.07930077891678132,0.06767735714353006,0.05013146877313478,0.05810151153804114,0.07267690665512329,0.061912750878190544,0.042047866672138175,0.10495320127338617,0.0966888069553721,0.17241155065451316,0.055188034472859554,0.11288482612208102,0.0428591083438394,0.11286431463417489,0.020094184498605484,0.09910592001821829,0.11923424483736063,0.08135466582591701,0.05643215731708744,0.05880922794392849,0.10184621679876983,0.08030203807515786,0.05643215731708744,0.042530753467749184,0.059172454097638987,0.04727356856505381,0.16727441921389355,0.05549206584018583,0.06109177172495826,0.027507553770877307,0.1275550951523055,0.1413134897682621,0.037886413896416594,0.047069370443050915,0.06276794719973634,0.030999980799682615,0.08246421938832849,0.09257069472784346,0.09257069472784346,0.09452662564220148,0.1933776139107442,0.08620577532725658,0.04646869121095412,0.5961712241868031,0.061912750878190544,0.061912750878190544,0.10875121320924509,0.059918781506339974,0.051346127517625524,0.0645933045541267,0.09452662564220148,0.10500965727031701])
================================================================================

================================================================================
Original Text: The Denver Board of Education opened the 2017-18 school year with an update on projects that include...
TF-IDF Vector: (20000,[157,298,366,468,477,528,585,717,722,1072,1243,1770,1799,2188,2405,3256,3506,4574,5044,5053,5465,5530,5734,6153,6287,7448,7451,7454,8029,8091,8217,8651,8679,8899,9031,9711,10506,11523,12408,12436,12534,12679,12953,12996,13014,13120,13218,13424,13427,13666,14092,14595,14682,14953,14956,15184,15230,15396,15530,15748,15862,15967,16252,18083,18141,18224,19209,19572],[0.08266041744538306,0.04133020872269153,0.07602995888100982,0.027525172993564224,0.30411983552403926,0.10231495936374209,0.016806283378333196,0.04452640265213937,0.05970642483966523,0.046767377562206294,0.03772983744072324,0.040628110191329996,0.06702379854099302,0.057416004556175355,0.03811084090603773,0.16410897922446713,0.035305677991467777,0.0387013154658217,0.04576531336338653,0.08205448961223356,0.042067135994838294,0.04711700124605452,0.14822226458863313,0.0923534929223544,0.030793467204709928,0.1162818889542521,0.04085847637175021,0.04711700124605452,0.1847069858447088,0.07175548630211272,0.06935994404856197,0.1353988468519419,0.07000542814978607,0.0548616682612048,0.07175548630211272,0.07373953859751994,0.04784194116700521,0.1857031676830054,0.04482658096256466,0.5258476445671119,0.05543195226076814,0.038305070090124696,0.039526990152291594,0.061586934409419855,0.04284252866715743,0.051157479681871044,0.03772983744072324,0.05482540596226021,0.05424265201631668,0.03646837425208546,0.04181741043578146,0.05424265201631668,0.0923534929223544,0.09643624257018585,0.06843994778724688,0.4200325688987164,0.05314153197727827,0.22172780904307257,0.0923534929223544,0.058903076710366375,0.03646837425208546,0.07583823594994415,0.05482540596226021,0.057416004556175355,0.10736378821688296,0.06241541705602314,0.07373953859751994,0.22172780904307257])
================================================================================

================================================================================
Original Text: BANGALORE CY JUNCTION SBC to GONDIA JUNCTION G train timings, routes, stops, and complete info.
As o...
TF-IDF Vector: (20000,[110,992,1896,2549,2620,2979,3756,4218,5360,5617,5931,6602,6980,7974,8048,8527,10266,10288,10782,11270,11320,13278,13644,13860,14279,14791,17534,18843,19832],[0.09415555830902395,0.05214675238370836,0.12118369111570976,0.10766962471236685,0.07629093425427157,0.20515713652818102,0.3635510733471292,0.12118369111570976,0.10766962471236685,0.15258186850854313,0.037802914942572804,0.05000798807252621,0.07533968820306053,0.10766962471236685,0.09185918055594441,0.08980500065761446,0.05553261336137792,0.1608400772969858,0.11327846903749855,0.6796708142249913,0.06538028622651937,0.12118369111570976,0.04950804589607269,0.10766962471236685,0.29929320790246694,0.20714003929416247,0.07629093425427157,0.07117570304318356,0.12118369111570976])
================================================================================

================================================================================
Original Text: I thought I was going to finish the 3rd season of the Wire tonight.
But there was a commentary on ep...
TF-IDF Vector: (20000,[749,3389,3401,3491,5038,6487,6578,7412,8273,10055,12309,12358,17464,18431,18458,19878],[0.2620196662057725,0.23098201787848555,0.5427111624830308,0.2713555812415154,0.10491766449382309,0.1599957527459911,0.3558562730377442,0.21510029709088865,0.10991731715200462,0.14243500395262487,0.191033401073278,0.3176900258805238,0.20299582855618425,0.1611729486444498,0.17630242009141023,0.17960716452464143])
================================================================================

================================================================================
Original Text: The rich get richer and the poor get poorer eh?
Or is it the rich think different and play by a diff...
TF-IDF Vector: (20000,[585,855,2327,3502,3900,3931,4385,4887,6178,7196,7403,7958,8103,9426,9531,10222,10301,10533,11782,11914,12007,12173,12335,13048,13477,14263,14583,15342,16212,16633,16683,17712,18154,19689],[0.02267722582572311,0.0314048226537195,0.07747314929901343,0.07564927600882049,0.06781288284919253,0.09935927353463221,0.11648627640257853,0.10258952013672987,0.11071860143391309,0.08421900760110253,0.05609410270873077,0.06841139838000568,0.5918206109012674,0.05254115241838015,0.07747314929901343,0.04187134281529996,0.07397757636265842,0.055768099081148624,0.06506216756310604,0.11071860143391309,0.07845133263243709,0.05333496179472066,0.2101684100639606,0.04618406383096109,0.03873466733072161,0.323878029201363,0.1062448451641344,0.039581925007032615,0.5853784501066608,0.06132134653684608,0.07746933466144322,0.03259031758495682,0.055131576370518444,0.064059519575824])
================================================================================

================================================================================
Original Text: Biomedics 1 Day Extra are daily replacement disposable contact lenses by CooperVision Hydron. Buy on...
TF-IDF Vector: (20000,[666,1128,2719,3143,3445,3563,3783,5255,5727,5931,6378,6581,6647,7334,7922,8132,8282,9133,9776,10080,10135,10288,10310,10325,10359,10815,11611,12662,13190,13792,13825,13852,14303,15678,15873,16024,16053,16368,16494,16537,16703,16828,17314,17846,17922,18437,19545,19838,19907],[0.3800479772710066,0.08854549809176869,0.3800479772710066,0.14384306723087123,0.09687562056837533,0.12668265909033552,0.04478307531622745,0.11664446383105208,0.0981455007485875,0.1920113250756371,0.14384306723087123,0.09948405569051638,0.061943483456763156,0.04852405548321345,0.09948405569051638,0.2233528242412006,0.14384306723087123,0.16881940147821747,0.12668265909033552,0.07469095811498982,0.13672085434961898,0.06807922178747618,0.07625509307521632,0.12668265909033552,0.1116764121206003,0.024241434461425498,0.05335591773426406,0.0981455007485875,0.08302108059159645,0.025594625664924025,0.10240003806854758,0.27344170869923795,0.0981455007485875,0.10952225094979982,0.11956044620908327,0.09038020662740465,0.06382468446751609,0.22407287434496947,0.22560430400618528,0.035667616763700644,0.0809850926080518,0.10399783344962758,0.15388126249015466,0.11403602870891102,0.09135120306820309,0.0601951876989932,0.05654012847520602,0.15388126249015466,0.14384306723087123])
================================================================================

================================================================================
Original Text: Sysco Corp. has terminated its planned $3.5 billion takeover of US Foods, it announced Monday, after...
TF-IDF Vector: (20000,[22,183,196,258,274,419,573,713,1068,1296,1736,1787,1835,2094,2259,2475,2498,2635,2685,2695,2722,2729,2790,2953,2958,3010,3030,3038,3160,3388,3700,3783,3851,4130,4171,4206,4310,4408,4450,4495,4519,4526,4589,4640,4677,4682,4877,4897,5070,5200,5240,5294,5356,5699,5775,5778,5931,6081,6190,6243,6476,6660,6771,6790,7022,7410,7493,7586,7631,7741,8002,8273,8344,8444,8447,8451,8592,8651,8653,8885,8899,9133,9169,9321,9351,9540,9809,9887,10044,10080,10167,10220,10333,10357,10453,10524,10594,10633,10793,10942,11058,11399,11433,11480,11906,12212,12270,12545,12633,12657,12679,12870,12968,13057,13094,13218,13525,13666,13798,13894,13947,13989,14092,14241,14320,14527,14642,14728,15122,15502,15589,15612,15738,16218,16604,16781,16854,17158,17336,17452,17490,17504,17658,17752,17766,18109,18251,18297,18363,18442,18744,18865,18870,18910,19036,19160,19189,19193,19227,19721],[0.04777288128356502,0.03776584966603736,0.03210233394796824,0.1209490962206945,0.024165304210176992,0.03611330518158481,0.027358266478581524,0.06148648250987179,0.0429701057947382,0.034059280057258244,0.04777288128356502,0.04777288128356502,0.05061871066310185,0.07741736782399333,0.030469320115942732,0.020041277206114025,0.05747551127625524,0.03185188329884328,0.04223700955896803,0.04660773942948528,0.03317281218739968,0.034373346824282204,0.033754878432420796,0.04556548452515005,0.023295093159492318,0.025119515423739903,0.03289413820317851,0.03611330518158481,0.03160761725275875,0.039216091144214066,0.04660773942948528,0.03578803205290395,0.05462968189671841,0.03822603832535147,0.05242228513830344,0.05837763288327872,0.05462968189671841,0.05242228513830344,0.06148648250987179,0.05462968189671841,0.0397509388163319,0.03185188329884328,0.04462265027919075,0.05242228513830344,0.05061871066310185,0.06148648250987179,0.03776584966603736,0.029068074638082413,0.05462968189671841,0.04462265027919075,0.05747551127625524,0.09554576256713004,0.030469320115942732,0.04462265027919075,0.03469771267838011,0.05704681666532252,0.03836107395374347,0.04909381017212142,0.05747551127625524,0.08447401911793606,0.04155451329153349,0.09129281784677688,0.03822603832535147,0.05462968189671841,0.02106689245599441,0.04777288128356502,0.03776584966603736,0.08310902658306699,0.033754878432420796,0.030523175087926187,0.031369237712198086,0.021234562101198298,0.026749319042451196,0.03611330518158481,0.04660773942948528,0.028348319297444115,0.17669156136076933,0.06009661764728337,0.025900890292384786,0.7378377901184615,0.036525429621173035,0.01686383223068105,0.028701652294469006,0.1289103173842146,0.028176275443793558,0.10217784017177474,0.04155451329153349,0.02475081663960536,0.020192307196863067,0.029844337221217664,0.05747551127625524,0.15185613198930556,0.038708683911996666,0.07741736782399333,0.022495282208384846,0.01680962786360235,0.023191508210488296,0.0795018776326638,0.06939542535676022,0.04461008068125947,0.02689807781926741,0.05747551127625524,0.05740330458893801,0.024872195735945384,0.05242228513830344,0.05061871066310185,0.06874669364856441,0.05061871066310185,0.05242228513830344,0.05349863808490239,0.025502489917907288,0.05740330458893801,0.03573996758271534,0.0239404701629569,0.05747551127625524,0.025119515423739903,0.013259703360362668,0.02427966701269784,0.0795018776326638,0.15185613198930556,0.04926181768257713,0.018325523099303655,0.02784091206522672,0.034059280057258244,0.04281024548874876,0.02852340833266126,0.05061871066310185,0.03236267192649301,0.022211274024929024,0.04155451329153349,0.02784091206522672,0.04031636540689817,0.06148648250987179,0.1012374213262037,0.03690510943679507,0.05747551127625524,0.10614062683744395,0.04223700955896803,0.05242228513830344,0.04660773942948528,0.04660773942948528,0.03289413820317851,0.03538020894581465,0.07381021887359014,0.023829940831610153,0.04031636540689817,0.05061871066310185,0.04230074408409002,0.05747551127625524,0.016080393533889813,0.04376191004994846,0.030469320115942732,0.06148648250987179,0.07006615211389389,0.04909381017212142,0.015686619268037005,0.02475081663960536,0.0397509388163319,0.04556548452515005,0.04777288128356502])
================================================================================

================================================================================
Original Text: Pencarian FILM Untuk "Peace Breaker 2017"
yuk mampir ke channel say..
Edges East provides the l..
A ...
TF-IDF Vector: (20000,[165,668,935,1239,4592,4866,4877,4928,5003,6576,6622,8252,9540,9699,9853,10278,10533,10652,10702,10815,11146,11152,11575,14391,14826,15353,15862,16298,16375,16555,16697,17038,17595,17883],[0.2063673876689075,0.11040275998094518,0.18335387359976485,0.08785360988165969,0.14422078022259588,0.1929053449286403,0.12675370944216116,0.07681610989248412,0.1153674352476672,0.12120726615345323,0.14176028567305796,0.1153674352476672,0.11431333139233692,0.2063673876689075,0.07331798456293326,0.1929053449286403,0.09235392117852458,0.1603403595306222,0.12386480272121238,0.03250975084423601,0.15642978811923047,0.06651850643059275,0.13341627405008782,0.1929053449286403,0.2246010081293901,0.3858106898572806,0.08148996739367792,0.17594517685882224,0.17594517685882224,0.1529316627896796,0.39486348642815416,0.1929053449286403,0.17594517685882224,0.11995423130982064])
================================================================================

================================================================================
Original Text: Below you'll find some great videos that will encourage you, train you and build you up in hearing f...
TF-IDF Vector: (20000,[313,585,750,841,992,1023,1117,1472,1499,1929,2355,2402,2543,3035,3036,3056,3443,3609,3611,3862,4089,4510,4548,4563,4674,4842,5192,5271,5617,5758,6123,6142,6229,6660,7386,7595,7690,7829,8073,8438,8457,8596,9275,9391,9426,9579,9704,9806,9826,10234,10260,10357,10496,10798,11073,11209,11548,11611,11702,11762,11921,11967,12449,12569,12627,12697,13014,13131,13287,13477,13496,13530,14007,14260,14693,14762,15529,15855,15967,16328,16397,16449,16487,17460,17510,17758,17963,18133,18267,18380,18393,19347,19428,19459,19938],[0.051240279906983856,0.019469058079542124,0.028876420874108792,0.04873222088944277,0.046037281876938764,0.03665619765546386,0.06351190140526958,0.07119360121453269,0.04392699406291689,0.06095722770241526,0.34117817596015787,0.10316226375489752,0.06796446821002858,0.09505514027017431,0.10698590979799513,0.04787853542318909,0.05499696112540319,0.051928870210090655,0.05499696112540319,0.07476758589708037,0.07764299798659824,0.16624874148470697,0.07476758589708037,0.07119360121453269,0.05025644287896719,0.05723549565748902,0.0701501022133265,0.09121429036554277,0.06735275130990113,0.09121429036554277,0.04844292900355848,0.17170648697246704,0.14953517179416073,0.02647477618025488,0.07230446805920013,0.07476758589708037,0.06735275130990113,0.07476758589708037,0.06095722770241526,0.12989420836656282,0.1000068570194733,0.08109703471313065,0.04035300938036922,0.02746332314455262,0.022554053918694004,0.09121429036554277,0.07928352083772194,0.03785406954822383,0.03800983949850424,0.11544077161536023,0.07614531796383167,0.06735275130990113,0.07230446805920013,0.07349200524013248,0.03448482344651482,0.04994060902632506,0.176152174983305,0.03709568864677363,0.0880760874916525,0.05873317568025559,0.1256736327385191,0.03800983949850424,0.0880760874916525,0.045545463788625645,0.07349200524013248,0.06571222845877743,0.04963046618449085,0.04963046618449085,0.280600408853306,0.06650967748428417,0.03680145136162195,0.060373698531379305,0.060373698531379305,0.05821933268550569,0.04127368133921771,0.0854227747679533,0.44860551538248217,0.07119360121453269,0.04392699406291689,0.1364260493964718,0.08109703471313065,0.09746444177888554,0.04815841902131151,0.035536293025326626,0.02860247670393757,0.09505514027017431,0.053016334655460594,0.07349200524013248,0.04306619159758237,0.07764299798659824,0.2074987955559295,0.027979735738774606,0.044149093428735596,0.2000137140389466,0.10698590979799513])
================================================================================

================================================================================
Original Text: "Unemployment, Relative Price Dispersion and the Implicit Contract Model."
"The Federal Reserve&apos...
TF-IDF Vector: (20000,[2,8,132,454,647,674,725,735,953,1236,1262,1296,1721,1738,2370,3853,4611,4763,4916,5850,6369,6552,6906,7026,7102,7463,7689,7692,7948,8040,8152,8657,8813,9179,9520,9611,9969,10070,10352,10572,10577,10633,11040,11125,11751,12275,12500,12657,12724,12829,12832,13440,13871,14260,14728,15201,15392,15513,15566,16342,16349,16394,16638,17252,17547,17910,19701,19753],[0.0640596582168749,0.06566107870755214,0.04047539875396849,0.16170078785526137,0.0640596582168749,0.0640596582168749,0.0640596582168749,0.05805234129717693,0.0720514169966978,0.2535289054621121,0.13914501514766967,0.14043756678320077,0.26950131309210235,0.04129967290410699,0.061331267308959554,0.07899678579707745,0.061331267308959554,0.061331267308959554,0.4048597171225172,0.04344285269026798,0.08450963515403737,0.1501707138615895,0.053900262618420465,0.0640596582168749,0.04681252226106692,0.1771798197755426,0.05463537999363228,0.04912253063667235,0.07508535693079475,0.03305843263923172,0.07508535693079475,0.12525427754691038,0.05623680048430954,0.050168920616115636,0.0720514169966978,0.07899678579707745,0.05905993992518086,0.04129967290410699,0.05623680048430954,0.06957250757383483,0.07899678579707745,0.05463537999363228,0.06262713877345519,0.05805234129717693,0.04963566170193825,0.05320286055021258,0.061331267308959554,0.036765401119401395,0.44841760751812426,0.0720514169966978,0.07899678579707745,0.2834651338537923,0.052539491940216995,0.04598824811092842,0.02224031596439614,0.0720514169966978,0.13914501514766967,0.0720514169966978,0.04483857546858514,0.033853768092124197,0.10780052523684093,0.05190698908571695,0.06262713877345519,0.05805234129717693,0.1579935715941549,0.19849126206714868,0.04681252226106692,0.04047539875396849])
================================================================================

================================================================================
Original Text: I have existing web site brittlloyd.org. I opened a new domain sayrebuildersrockport.com however I d...
TF-IDF Vector: (20000,[585,855,1807,3330,4000,4928,5852,5891,6778,7371,9391,10223,10744,10815,10911,11404,12342,12996,13424,14075,14349,15133,15354,16586,17005,17211,17538,17712,18721,18728],[0.16222070632882313,0.07488441711182948,0.11846048878124346,0.05906113144786028,0.1693032519144393,0.1106058047989964,0.12717656678778658,0.383593307545969,0.24462346124127635,0.17452364144907775,0.07627692550994432,0.1847337808923192,0.2640071565834356,0.046810065765819205,0.09613395219344993,0.1135946576698726,0.13534938809673794,0.09907679343908417,0.17639862980112755,0.2777601072968142,0.26143875611584744,0.0730886726630748,0.14486457207324607,0.14622000393243287,0.2777601072968142,0.14231529786113845,0.28845559177104285,0.07771121533621687,0.25333953924781943,0.13699803681425296])
================================================================================

================================================================================
Original Text: Embrace world class facilities at East Bourne Resort & Spa Shimla. Facilities at East Bourne Resort ...
TF-IDF Vector: (20000,[129,1522,6576,6687,8082,8444,9360,10053,10959,11087,12059,13193,13297,13892,14007,16328,18681,19518],[0.11706124802277677,0.1427288932925477,0.3317740022235113,0.16053502772809872,0.11059133407450376,0.3317740022235113,0.060692486517180004,0.12934421845236532,0.1882927107924425,0.1427288932925477,0.26204539551278994,0.38176254197337756,0.4816050831842962,0.34291617450969436,0.10625630401707482,0.18008000337662258,0.0990952528864435,0.11853927444666337])
================================================================================

================================================================================
Original Text: "Bake me a pie or go away," I've literally had my son say that to me a few times. So, what was I to ...
TF-IDF Vector: (20000,[29,45,150,196,270,328,399,494,544,614,635,678,717,760,855,1021,1072,1182,1184,1231,1243,1267,1295,1349,1382,1463,1472,1565,1580,1590,1699,1702,1720,1807,1863,1872,1892,1919,1989,2012,2065,2114,2137,2200,2258,2328,2349,2353,2367,2368,2379,2383,2385,2386,2402,2424,2436,2443,2500,2543,2572,2583,2597,2620,2635,2645,2866,2883,2902,2907,2909,2927,2944,3068,3112,3136,3182,3231,3330,3344,3370,3385,3401,3415,3437,3489,3494,3506,3509,3526,3527,3634,3666,3791,3857,3901,3920,3922,3924,3948,4018,4043,4062,4112,4176,4229,4253,4292,4293,4322,4325,4465,4490,4501,4520,4526,4547,4672,4748,4772,4792,4804,4830,4835,4897,4958,4986,5038,5067,5078,5125,5226,5229,5354,5356,5386,5465,5612,5727,5740,5743,5845,5871,5925,6015,6044,6055,6056,6103,6112,6155,6168,6287,6296,6318,6344,6348,6355,6403,6415,6442,6447,6466,6491,6494,6501,6507,6547,6600,6660,6760,6761,6769,6940,7022,7215,7270,7281,7334,7343,7345,7448,7533,7569,7587,7650,7695,7709,7741,7751,7779,7786,7791,7866,7939,8015,8022,8040,8160,8166,8185,8198,8242,8273,8293,8312,8323,8343,8430,8442,8519,8522,8536,8552,8567,8592,8593,8609,8653,8673,8677,8740,8787,8824,8835,8873,8889,8904,8946,9046,9064,9092,9116,9133,9156,9188,9200,9212,9224,9227,9271,9311,9351,9360,9372,9391,9420,9426,9445,9546,9576,9594,9605,9661,9693,9755,9758,9772,9806,9832,9851,9853,9939,9943,10004,10007,10042,10044,10080,10133,10135,10157,10209,10222,10266,10281,10309,10426,10436,10447,10462,10486,10524,10533,10557,10560,10576,10578,10584,10588,10664,10668,10702,10715,10719,10756,10757,10763,10798,10815,10831,10877,10911,10942,10960,11086,11143,11158,11166,11195,11273,11312,11472,11473,11480,11487,11590,11623,11653,11662,11698,11790,11818,11821,11864,11896,11939,11948,11959,11964,11967,12001,12067,12092,12116,12196,12198,12211,12213,12226,12300,12301,12335,12336,12350,12369,12390,12442,12539,12550,12569,12588,12630,12649,12662,12665,12737,12801,12835,12910,12913,12926,12943,12996,13048,13144,13147,13152,13184,13218,13239,13286,13303,13314,13365,13373,13391,13423,13427,13482,13497,13525,13635,13636,13644,13737,13792,13798,13825,13850,13871,13874,13919,13921,13975,13983,13988,13989,14016,14019,14074,14081,14090,14116,14158,14224,14232,14263,14283,14320,14418,14483,14517,14595,14623,14692,14693,14694,14728,14926,14943,14953,15096,15113,15133,15188,15197,15247,15281,15286,15328,15342,15344,15363,15376,15409,15416,15434,15505,15587,15589,15619,15621,15649,15656,15665,15749,15798,15824,15843,15862,15878,15937,15958,15973,15974,16000,16010,16038,16053,16102,16166,16197,16212,16280,16282,16344,16368,16406,16414,16417,16451,16489,16494,16537,16547,16567,16595,16616,16625,16683,16749,16803,16834,16855,16873,16915,16932,16934,16959,16968,17034,17111,17161,17250,17333,17372,17407,17411,17425,17460,17467,17510,17545,17626,17642,17712,17723,17731,17889,18100,18154,18157,18228,18272,18305,18346,18442,18447,18449,18482,18505,18527,18552,18684,18728,18852,18861,18865,18871,18966,18976,19005,19017,19042,19134,19263,19288,19347,19350,19432,19515,19688,19891,19895,19950],[0.0197601623180685,0.014240464717759482,0.01875952371950669,0.012921126459256077,0.015023690394468502,0.01578439978019643,0.0124408316290953,0.010425057549325106,0.024748188631162526,0.01875952371950669,0.023133780575411864,0.017960529229404318,0.035795543093167986,0.01927198458348796,0.012473783156567423,0.0632996008937913,0.012532367158731747,0.01169984303741032,0.020373931775257353,0.013351991851348569,0.010110555697023363,0.0501768303260758,0.012094385374793825,0.014385266863601516,0.016468642230699,0.016468642230699,0.098811853384194,0.053881587688212954,0.0501768303260758,0.021099866964597102,0.028480929435518963,0.05534081875346368,0.033226067664634235,0.009866207861854309,0.03751904743901338,0.019228491030853508,0.01599967491935218,0.033451220217383865,0.041700230197300424,0.013467409213061636,0.0197601623180685,0.011272832069798495,0.013351991851348569,0.023133780575411864,0.06112179532577206,0.013586272373499145,0.014854234174948334,0.012178212053662894,0.014100744410740796,0.014854234174948334,0.033451220217383865,0.015580169364288084,0.021099866964597102,0.023133780575411864,0.023863695395445323,0.024748188631162526,0.020373931775257353,0.06313759912078572,0.08151763424099487,0.007860836453390408,0.032937284461398,0.042199733929194204,0.016725610108691932,0.015580169364288084,0.012820320564133575,0.01578439978019643,0.013351991851348569,0.016227258013216145,0.016227258013216145,0.02877053372720303,0.08815017898726303,0.023133780575411864,0.012820320564133575,0.0197601623180685,0.013586272373499145,0.011625418063447007,0.11407973511627659,0.10336901167404862,0.01475705711033214,0.0574248152542337,0.03303494581877447,0.010161277659101568,0.021099866964597102,0.01599967491935218,0.013467409213061636,0.033451220217383865,0.01834001816444259,0.009460947832460747,0.010479977319043161,0.020959954638086323,0.016468642230699,0.012722003959606432,0.017960529229404318,0.14091266380082276,0.05080638829550785,0.010425057549325106,0.01323982611919767,0.01059214305119406,0.045661902297347595,0.020373931775257353,0.017295383315161252,0.008189095830235471,0.12374094315581263,0.007720128518888651,0.056278571158520065,0.017295383315161252,0.041126380291633464,0.0483775414991753,0.013024550980041918,0.01323982611919767,0.01875952371950669,0.033451220217383865,0.009866207861854309,0.037597101476195244,0.0248816632581906,0.012820320564133575,0.01469169649787717,0.035921058458808636,0.019452975109671245,0.015023690394468502,0.10568449785061707,0.039392201432175325,0.01383520468836592,0.01059214305119406,0.02339968607482064,0.019228491030853508,0.021099866964597102,0.01631622060565315,0.017960529229404318,0.040747863550514705,0.010370885010570598,0.01469169649787717,0.023133780575411864,0.021988339831008015,0.012263841594313993,0.021988339831008015,0.011272832069798495,0.012263841594313993,0.03156879956039286,0.03653463616098869,0.014240464717759482,0.021988339831008015,0.010535665222298388,0.00812736404828681,0.014385266863601516,0.01094894463038998,0.014854234174948334,0.033818496209395484,0.01059214305119406,0.023133780575411864,0.017960529229404318,0.05343799849042742,0.024755399418310932,0.021988339831008015,0.019228491030853508,0.017960529229404318,0.014100744410740796,0.01120591250838291,0.005636753151791169,0.021099866964597102,0.09870521087518556,0.022681791221172577,0.021099866964597102,0.01578439978019643,0.06399869967740872,0.0124408316290953,0.021099866964597102,0.08807041487551423,0.013467409213061636,0.01224839338402363,0.02767040937673184,0.03668003632888518,0.019228491030853508,0.019924310318903845,0.00847938289996761,0.02129886707712666,0.012263841594313993,0.04560204128774943,0.007803955197757721,0.013130733810725109,0.05386963685224654,0.015580169364288084,0.01834001816444259,0.04615771638648998,0.015580169364288084,0.009054306974137937,0.01323982611919767,0.01875952371950669,0.0429993134022346,0.021988339831008015,0.021038008675268186,0.021988339831008015,0.012532367158731747,0.02693481842612327,0.01094894463038998,0.2241132495278309,0.0592804869542055,0.00968098282894079,0.023133780575411864,0.008251799806103645,0.039073652940125755,0.020373931775257353,0.07691396412341403,0.008546869603350906,0.015023690394468502,0.009503992794159486,0.02189788926077996,0.04189728392561226,0.03577021852811015,0.016227258013216145,0.00917199889756815,0.015580169364288084,0.017614082975102845,0.012921126459256077,0.01169984303741032,0.011853001157310972,0.01875952371950669,0.034230428772873765,0.031275172647975316,0.012532367158731747,0.021988339831008015,0.007584223852006335,0.01469169649787717,0.01169984303741032,0.017614082975102845,0.014240464717759482,0.0501768303260758,0.008158110302826574,0.011552358762684387,0.023133780575411864,0.0197601623180685,0.030047380788937005,0.01599967491935218,0.006787659401758208,0.02052940435977482,0.011011648606258154,0.021988339831008015,0.01383520468836592,0.012921126459256077,0.009418363253508385,0.042199733929194204,0.016468642230699,0.011340895610586288,0.015954192793763165,0.021988339831008015,0.006352869297492261,0.01875952371950669,0.0052172475967270735,0.017295383315161252,0.010707560412907127,0.026703983702697137,0.008283526031157238,0.007977096396881583,0.024024574409639933,0.025064734317463495,0.02282028584858251,0.01875952371950669,0.011552358762684387,0.03502590781927974,0.014100744410740796,0.016468642230699,0.017585019925059755,0.02970813688658395,0.017960529229404318,0.04397667966201603,0.009819087546496212,0.021099866964597102,0.01625472809657362,0.012012287204819967,0.016725610108691932,0.4617551364511683,0.021408922795721798,0.015580169364288084,0.05820854961639832,0.011340895610586288,0.008756476954819936,0.009962155159451922,0.06313759912078572,0.0197601623180685,0.031112655031711792,0.023133780575411864,0.021099866964597102,0.013531684500614764,0.011075355888211413,0.021415120825814253,0.011775685714852234,0.016468642230699,0.01875952371950669,0.020373931775257353,0.09880081159034251,0.016725610108691932,0.017614082975102845,0.044562702524845,0.40800752442993576,0.01599967491935218,0.027931522617074843,0.019228491030853508,0.012864216270158522,0.05100094055374197,0.027290659572395563,0.0197601623180685,0.015023690394468502,0.024020098971742215,0.008977734995443395,0.007775816422143879,0.011625418063447007,0.01370879343054449,0.016725610108691932,0.020373931775257353,0.01088721284844132,0.011552358762684387,0.012094385374793825,0.1232985808257199,0.02693481842612327,0.01001101000769634,0.013351991851348569,0.008380250306058046,0.01059214305119406,0.01120591250838291,0.010479977319043161,0.012178212053662894,0.014356203813558425,0.013024550980041918,0.041101621919353404,0.01578439978019643,0.01094894463038998,0.017614082975102845,0.02282028584858251,0.0720737232289198,0.00761103621041609,0.017585019925059755,0.020373931775257353,0.01469169649787717,0.035921058458808636,0.01625472809657362,0.02339968607482064,0.012263841594313993,0.008685374705056453,0.016227258013216145,0.01700031351791399,0.029071069030013486,0.01700031351791399,0.025043241311103775,0.014100744410740796,0.01834001816444259,0.015023690394468502,0.014100744410740796,0.023133780575411864,0.021099866964597102,0.09614245515426753,0.010535665222298388,0.02564064112826715,0.019228491030853508,0.023133780575411864,0.03156879956039286,0.016227258013216145,0.03705405975836027,0.01875952371950669,0.05502005449332778,0.034590766630322504,0.009591504452632247,0.027931522617074843,0.03668003632888518,0.008251799806103645,0.027515996692704454,0.024527683188627986,0.01370879343054449,0.01700031351791399,0.02177442569688264,0.010110555697023363,0.017614082975102845,0.01578439978019643,0.010766548457401914,0.01875952371950669,0.035795543093167986,0.01262605666200882,0.035559003471932915,0.02177442569688264,0.17442641418008092,0.015580169364288084,0.01064943353856333,0.032022027596341596,0.007775816422143879,0.013467409213061636,0.010110555697023363,0.009293275892682555,0.0205814734571748,0.06399869967740872,0.082343211153495,0.021099866964597102,0.015385905462163327,0.024748188631162526,0.03679152478294198,0.028480929435518963,0.01469169649787717,0.020373931775257353,0.03400062703582798,0.00737598710990629,0.013024550980041918,0.009503992794159486,0.017960529229404318,0.021988339831008015,0.023133780575411864,0.014385266863601516,0.030483832977304705,0.011775685714852234,0.008685374705056453,0.025728432540317044,0.01469169649787717,0.008615519927748571,0.015023690394468502,0.033451220217383865,0.023133780575411864,0.014535534515006743,0.017295383315161252,0.039520324636137,0.009547508201912717,0.01834001816444259,0.03907773595521688,0.021099866964597102,0.027397141378408554,0.03876337937776824,0.019228491030853508,0.01578439978019643,0.018261988725352157,0.012029207794120722,0.013130733810725109,0.014100744410740796,0.020373931775257353,0.011853001157310972,0.015954192793763165,0.18866007488136977,0.02938339299575434,0.04507107118340551,0.03751904743901338,0.014535534515006743,0.033451220217383865,0.014535534515006743,0.01262605666200882,0.016227258013216145,0.02241182501676582,0.023863695395445323,0.010766548457401914,0.008977734995443395,0.020373931775257353,0.04626219202332728,0.017960529229404318,0.015023690394468502,0.019228491030853508,0.017960529229404318,0.01954503671715448,0.019228491030853508,0.020373931775257353,0.010826423573344636,0.0694013417262356,0.00968098282894079,0.010425057549325106,0.01883672650701677,0.021988339831008015,0.02052940435977482,0.0197601623180685,0.01323982611919767,0.015385147888041729,0.023250836126894013,0.016725610108691932,0.02189788926077996,0.011140099106212555,0.012012287204819967,0.03907773595521688,0.05941693669979334,0.015580169364288084,0.014356203813558425,0.0124408316290953,0.012094385374793825,0.03441779304670914,0.015580169364288084,0.032937284461398,0.017960529229404318,0.03846096169240072,0.01578439978019643,0.02307772183206259,0.021988339831008015,0.012722003959606432,0.020373931775257353,0.011140099106212555,0.017295383315161252,0.021988339831008015,0.014535534515006743,0.031160338728576167,0.035921058458808636,0.013467409213061636,0.0197601623180685,0.01094894463038998,0.118560973908411,0.019228491030853508,0.015580169364288084,0.01262605666200882,0.012820320564133575,0.019228491030853508,0.01700031351791399,0.008220324383870681,0.020373931775257353,0.026465522053287945,0.017614082975102845,0.06112179532577206,0.048049148819279866,0.012944653725349722,0.013024550980041918,0.020373931775257353,0.017960529229404318,0.01700031351791399,0.01094894463038998,0.01826294952540254,0.01469169649787717,0.021099866964597102,0.009726487554835623,0.039520324636137,0.012944653725349722,0.040747863550514705,0.02435642410732579,0.01520068042924981,0.05100094055374197,0.15382792824682806,0.015580169364288084,0.042199733929194204,0.034230428772873765,0.021415120825814253,0.023133780575411864,0.012263841594313993,0.018424031035187943,0.0197601623180685,0.02435642410732579,0.021988339831008015,0.02970846834989667,0.01834001816444259,0.021988339831008015,0.01059214305119406,0.011410142924291254,0.006472326862674861,0.01599967491935218,0.010766548457401914,0.017960529229404318,0.02525211332401764,0.020373931775257353,0.017960529229404318,0.039073652940125755])
================================================================================

================================================================================
Original Text: Are film trailers spoiling movies?
In April we asked if high ticket prices were ruining your visits ...
TF-IDF Vector: (20000,[87,167,401,468,495,528,543,585,717,790,795,823,1017,1020,1106,1181,1208,1212,1233,1434,1457,1479,1503,1695,1702,1708,1716,1770,1798,1802,1853,1929,2007,2087,2094,2164,2193,2275,2423,2475,2481,2511,2641,2645,2716,2913,3100,3115,3269,3330,3519,3610,3975,4043,4112,4288,4293,4314,4585,4792,4842,4858,4867,4985,5003,5034,5038,5044,5178,5187,5304,5401,5450,5536,5594,5700,5734,6103,6168,6289,6303,6315,6390,6404,6447,6450,6610,6634,6923,6925,6941,6979,7035,7120,7178,7238,7243,7334,7421,7650,7690,7702,7741,7779,7791,7816,7867,7920,8132,8166,8173,8184,8217,8284,8294,8315,8415,8552,8597,8619,8641,8669,8673,8784,8791,8824,8960,9081,9133,9286,9352,9360,9371,9426,9546,9624,9673,9679,9694,9704,9806,9822,9826,9830,10007,10008,10044,10066,10070,10228,10346,10453,10524,10646,10664,10666,10763,10775,10817,10911,11058,11106,11209,11388,11439,11480,11584,11590,11662,11698,11725,11780,11936,11964,11971,12024,12059,12116,12198,12211,12246,12275,12280,12335,12336,12432,12436,12569,12616,12641,12696,12708,12826,12837,12848,12996,13009,13015,13048,13057,13079,13131,13152,13193,13210,13222,13270,13304,13305,13330,13377,13384,13406,13558,13621,13635,13712,13792,13886,13891,13942,13989,14158,14260,14282,14320,14326,14330,14349,14527,14644,14693,14728,14892,14934,14938,15110,15141,15301,15303,15354,15428,15627,15667,15800,15869,15995,16010,16053,16095,16146,16212,16323,16406,16487,16537,16598,16633,16654,16703,16735,16850,16855,16934,16958,17034,17094,17123,17232,17497,17629,17712,17748,18081,18154,18157,18264,18268,18297,18325,18713,18729,18758,18871,19424,19430,19494,19950],[0.04110894260539869,0.07580095642854955,0.03790047821427477,0.016163471700723533,0.02668689396574762,0.03004095470395767,0.05423228655683557,0.029607212914906374,0.026147020015865198,0.034141820323130914,0.08221788521079738,0.025158206993320203,0.04623748624956986,0.025003775021555815,0.12640986189118986,0.033310221979637226,0.025003775021555815,0.08221788521079738,0.027878539904363227,0.028314889756946588,0.1626968596705067,0.048184453593616096,0.05423228655683557,0.022726382771830173,0.030317967767837,0.057083061031329034,0.03120603995653968,0.02385784494378958,0.03506110964217921,0.04018965328635038,0.05194847711095667,0.09269958576908631,0.032922372411047875,0.044646698099507394,0.034141820323130914,0.03004095470395767,0.027262389016417747,0.03219485297908468,0.05069453106272687,0.01767680055908957,0.029259072612493442,0.03859886513628792,0.05423228655683557,0.03458936347888399,0.028314889756946588,0.04940575395054115,0.032922372411047875,0.03760839199317964,0.034141820323130914,0.032338081864116075,0.055757079808726455,0.042136620630396616,0.028314889756946588,0.017945288777518723,0.03383522150504158,0.029772466485528518,0.028541530515664517,0.03935805494285669,0.042136620630396616,0.03859886513628792,0.02901327667895974,0.020639061002528145,0.032922372411047875,0.03790047821427477,0.424451548749718,0.05194847711095667,0.017877388212083484,0.026874539447828402,0.04623748624956986,0.03089986192302877,0.02901327667895974,0.059544932971057035,0.05069453106272687,0.06008190940791534,0.023464161086367563,0.04110894260539869,0.02901327667895974,0.023211239649273966,0.029275524871216325,0.044646698099507394,0.05423228655683557,0.03371611742565045,0.01754559239295572,0.02951199404958704,0.04970405791961859,0.027262389016417747,0.034141820323130914,0.048184453593616096,0.06304670829614102,0.03152335414807051,0.032922372411047875,0.30416718637636125,0.04110894260539869,0.044646698099507394,0.04018965328635038,0.05423228655683557,0.08427324126079323,0.017101305508419443,0.04110894260539869,0.019841281223171983,0.034141820323130914,0.027668284462430977,0.02692204059204572,0.015367310742972711,0.05492595333882332,0.048184453593616096,0.029259072612493442,0.02746297666941166,0.03935805494285669,0.018082696005102795,0.023593425356175195,0.05069453106272687,0.020364949078700206,0.08221788521079738,0.05423228655683557,0.04018965328635038,0.03506110964217921,0.028314889756946588,0.02746297666941166,0.05264658449180443,0.04623748624956986,0.03555982701280651,0.02746297666941166,0.03935805494285669,0.026323292245902213,0.025638613384248655,0.048184453593616096,0.034141820323130914,0.014874231613978875,0.025638613384248655,0.056629779513893176,0.017480720877585326,0.0466735679074394,0.01143288791436585,0.07039248325910269,0.42136620630396615,0.03004095470395767,0.02877421573504965,0.044646698099507394,0.04018965328635038,0.01918862727772147,0.03935805494285669,0.0578027661274561,0.03608878766717715,0.021517193742321326,0.04018965328635038,0.05343003594171032,0.05069453106272687,0.02650319920984897,0.020546730208398804,0.02531542167237151,0.019841281223171983,0.02965284459283508,0.05423228655683557,0.036651897792241685,0.026323292245902213,0.014095089412197753,0.02650319920984897,0.0700103518611591,0.01754559239295572,0.02372463352230904,0.05069453106272687,0.02531542167237151,0.027066309334913503,0.032922372411047875,0.02193776569074233,0.03608878766717715,0.03672835558105249,0.022965443715740268,0.02668689396574762,0.0575484314700993,0.026874539447828402,0.11176161875927745,0.0333570996172214,0.05069453106272687,0.1490154916790366,0.025158206993320203,0.01781001198057011,0.026874539447828402,0.07613126550441791,0.025158206993320203,0.034141820323130914,0.03371611742565045,0.03658590289407009,0.03089986192302877,0.04018965328635038,0.03859886513628792,0.023087476175250615,0.048540269609235055,0.048184453593616096,0.03555982701280651,0.056629779513893176,0.03790047821427477,0.025804812287835818,0.042136620630396616,0.018082696005102795,0.03608878766717715,0.03790047821427477,0.020099187052645722,0.021115965415234122,0.027668284462430977,0.025158206993320203,0.03725387291975915,0.18325948896120842,0.05069453106272687,0.042136620630396616,0.03255103217306844,0.02183070694114375,0.04330170588297863,0.04623748624956986,0.02951199404958704,0.03506110964217921,0.021018476371694027,0.04623748624956986,0.04623748624956986,0.05111892963609342,0.03562002396114022,0.009020299488795172,0.034141820323130914,0.09457006244421154,0.06179972384605754,0.016163471700723533,0.022267056793727112,0.02951199404958704,0.03935805494285669,0.05663921742168808,0.03555982701280651,0.05423228655683557,0.02385784494378958,0.025158206993320203,0.027066309334913503,0.020922064577198352,0.028544512972922806,0.016108073555101767,0.03506110964217921,0.031852645251055293,0.04623748624956986,0.03608878766717715,0.03089986192302877,0.02877421573504965,0.05287902298373025,0.06179972384605754,0.04623748624956986,0.03859886513628792,0.09247497249913972,0.025638613384248655,0.04623748624956986,0.04127812200505629,0.02249369755244504,0.05069453106272687,0.04623748624956986,0.025475521184851038,0.023087476175250615,0.04281676945938421,0.02441201075374572,0.012570318060993062,0.048184453593616096,0.02668689396574762,0.03935805494285669,0.028541530515664517,0.025804812287835818,0.03608878766717715,0.02441201075374572,0.034141820323130914,0.05423228655683557,0.04330170588297863,0.05069453106272687,0.03060406482902221,0.042136620630396616,0.03790047821427477,0.03725387291975915,0.014183223278979803,0.04623748624956986,0.05069453106272687,0.0239931217407382,0.020010383927402,0.033310221979637226,0.023464161086367563,0.0373100880241022,0.03725387291975915,0.03506110964217921,0.04330170588297863,0.027066309334913503,0.04037375605640068,0.03725387291975915,0.03152335414807051,0.044646698099507394,0.057083061031329034])
================================================================================

================================================================================
Original Text: UNStudio has joined forces with HPP Architects to create a consortium (UNS + HPP) to carry out the n...
TF-IDF Vector: (20000,[88,107,585,734,855,873,992,1242,1243,1307,1311,1317,1422,1499,1606,1770,1830,2012,2030,2126,2575,2612,2851,2869,2888,2889,2923,3083,3355,3506,3556,3560,3660,3761,3922,4106,4224,4307,4776,4804,4830,5071,5200,5267,5402,5500,5783,5852,5891,5980,6061,6475,6487,6576,7210,7228,7334,7371,7403,7440,7457,7488,7741,8049,8168,8202,8273,8312,8344,8430,8444,8447,8451,8824,8872,9048,9085,9234,9593,9676,9848,9939,10116,10327,10380,10387,10388,10454,10942,11404,11491,11653,11770,11782,11796,12039,12067,12116,12230,12381,12515,12531,12871,12926,12968,12996,13245,13365,13424,13989,14125,14273,14311,14662,14710,14792,14938,15495,15501,15762,15819,16053,16197,16323,16328,16488,16748,16762,16805,16855,17006,17012,17024,17061,17230,17361,17413,17564,17602,17752,17873,17998,18173,18359,18405,18442,18454,18637,18680,18837,18862,18930,19311,19357,19424,19518,19527,19691,19961],[0.043954343137457746,0.06956571856519914,0.08350360897176258,0.06304206030975153,0.023128190818906075,0.06801007110759438,0.03949116765966438,0.08153909892761851,0.14997141349074583,0.07824438557019524,0.09177341339021937,0.15110481749281765,0.07824438557019524,0.03768094502105481,0.04547785784087407,0.04037292184484123,0.0857867232090097,0.04994103331866744,0.06107047000241681,0.07130478446501766,0.06413626412746622,0.07130478446501766,0.06304206030975153,0.051304924902864035,0.07555240874640883,0.1332056336116437,0.06304206030975153,0.06531809428380797,0.06413626412746622,0.035083920259053485,0.047176855887821174,0.048692543930719166,0.0857867232090097,0.05571217230347492,0.07855743605425311,0.04951303248972741,0.08166873096946259,0.06413626412746622,0.07824438557019524,0.048692543930719166,0.051304924902864035,0.09177341339021937,0.06660281680582185,0.03865911684891251,0.06660281680582185,0.3431468928360388,0.037123709277578035,0.039278718027126555,0.11847350297899313,0.09177341339021937,0.032740001132207326,0.2086971556955974,0.04613418788062014,0.05390194966486536,0.08153909892761851,0.055083779821207116,0.02893931419048376,0.05390194966486536,0.041310696945113495,0.041310696945113495,0.04547785784087407,0.04909708963999742,0.045558240624295816,0.06304206030975153,0.06956571856519914,0.07555240874640883,0.03169425483984512,0.07048708675654643,0.07985092703898307,0.026529255138334807,0.05390194966486536,0.06956571856519914,0.042312097222093906,0.04338638870405682,0.06304206030975153,0.057775756644993535,0.15648877114039048,0.05228962269534602,0.06017534778126829,0.07824438557019524,0.05390194966486536,0.02754158262023905,0.05280774584715068,0.05228962269534602,0.13602014221518877,0.036586741203340135,0.08153909892761851,0.05083615553981595,0.033292027845916866,0.14033568103621394,0.1332056336116437,0.041554752001182985,0.05334471392138859,0.047915259483655666,0.07824438557019524,0.0620233809263847,0.05448104328757026,0.030138607382240376,0.1293311983763632,0.05228962269534602,0.057775756644993535,0.04994103331866744,0.2153992405081157,0.051789066463783846,0.10668942784277718,0.03060005102213044,0.1891261809292546,0.044246728824969404,0.05448104328757026,0.027352285223250367,0.07555240874640883,0.06304206030975153,0.07555240874640883,0.07824438557019524,0.09177341339021937,0.04994103331866744,0.05390194966486536,0.07652007728751943,0.05280774584715068,0.057055370128541845,0.06956571856519914,0.03806447294070274,0.028526280412721036,0.03906928196633551,0.02925685319706352,0.03694254142522031,0.04682105566594099,0.06660281680582185,0.06801007110759438,0.041310696945113495,0.06660281680582185,0.08153909892761851,0.06531809428380797,0.03343332073966365,0.05228962269534602,0.1959542828514239,0.06304206030975153,0.04037292184484123,0.07498570674537292,0.055083779821207116,0.06660281680582185,0.07130478446501766,0.04951303248972741,0.16910550702966298,0.07824438557019524,0.024001252682264673,0.057775756644993535,0.07824438557019524,0.04366763520226451,0.06017534778126829,0.0732763747723524,0.08153909892761851,0.06304206030975153,0.05853310186590445,0.06304206030975153,0.057775756644993535,0.021650459081543463,0.039278718027126555,0.05390194966486536])
================================================================================

================================================================================
Original Text: Students are shouting several slogans to guarantee the school's autonomy in front of Jogyesa Temple...
TF-IDF Vector: (20000,[110,504,787,796,808,1041,1261,1306,1434,1606,1708,1721,2353,2602,3094,3174,3311,3502,3536,3556,3700,3805,3876,3995,4073,4229,4884,5032,5085,5152,5282,5357,5465,5775,5781,5925,7306,7440,7454,7488,7789,7867,8082,8284,8312,8873,8899,8942,9179,9203,9227,9304,9330,9348,9391,9681,9822,10420,11110,11112,11226,11523,11678,11817,11878,11959,12337,12679,12825,12871,13061,13303,13332,13496,13598,13792,13989,14123,14263,14447,14859,15121,15150,15606,15843,16115,16319,16451,16545,16997,17091,17325,17534,17564,17752,18130,18152,18433,18490,18505,18605,18644,18675,18843,19183,19493,19557,19674],[0.07330046754522872,0.04323235501442819,0.18833914321332249,0.04271778918155359,0.04548510923286475,0.04246690349623962,0.32173717868249013,0.04887203524825883,0.04925631497317008,0.04675069517006904,0.04965057709790358,0.060171330238691485,0.09284853772103892,0.08043429467062253,0.05133878630186618,0.04323235501442819,0.07330046754522872,0.05727144831085694,0.11082112207975067,0.04849724488807221,0.07151272855260613,0.07766697461931138,0.17595671893966608,0.06185953944265408,0.1912778863893882,0.06593131418066324,0.08818772776009928,0.08818772776009928,0.048131486505767464,0.16086858934124507,0.12371907888530816,0.08807693720700645,0.04297289162988472,0.15971562696702446,0.06991354152983463,0.030982128742905447,0.08043429467062253,0.04246690349623962,0.048131486505767464,0.05047122227103032,0.22598171656214552,0.05089880655707863,0.055410561039875336,0.07151272855260613,0.07245988405856228,0.10857146514494542,0.02802145272158196,0.06714622147852348,0.056005862373652654,0.16764244137203324,0.07180703143946311,0.07766697461931138,0.03207107483335379,0.03835128210747093,0.04843524008334434,0.027830528966683032,0.06846690090047311,0.08043429467062253,0.18051399071607446,0.0753272388540485,0.17111903674792742,0.09485078923779461,0.03365633047526414,0.04323235501442819,0.08818772776009928,0.0915835014810092,0.07330046754522872,0.11738947187134703,0.08382122068601662,0.0369046414781094,0.07151272855260613,0.04104290006478428,0.047774335006813634,0.03245213848909681,0.09416859251127248,0.015691627853271682,0.028117822812834245,0.05794614775968521,0.04903936901197923,0.13186262836132648,0.06277971440444083,0.08043429467062253,0.05274085057500987,0.06991354152983463,0.2054007027014193,0.08818772776009928,0.06846690090047311,0.05472693879202014,0.06099197541181822,0.05133878630186618,0.19441945713978181,0.13693380180094622,0.059392788389046734,0.20751440941846677,0.056625468337735574,0.04488980789908743,0.08818772776009928,0.08043429467062253,0.03779251084760255,0.0648064857132606,0.056005862373652654,0.053238542322341494,0.08382122068601662,0.055410561039875336,0.08043429467062253,0.07766697461931138,0.18868394765360905,0.08818772776009928])
================================================================================

================================================================================
Original Text: Quartz is one of the most common and varied minerals on earth, and its abundant colors produce many ...
TF-IDF Vector: (20000,[25,55,103,130,225,392,419,441,452,574,625,660,693,697,698,771,956,1071,1080,1154,1167,1206,1235,1301,1304,1355,1368,1534,1648,1720,1806,1853,1888,1946,2111,2136,2261,2293,2326,2405,2451,2647,2830,2886,2907,2947,2990,3100,3136,3385,3506,3562,3611,3634,3747,3783,3987,3995,4040,4043,4059,4130,4462,4506,4602,4737,4756,4881,4887,4965,4988,4992,5003,5258,5331,5332,5367,5465,5516,5523,5693,5723,5768,5802,5843,5871,5880,6015,6036,6061,6165,6168,6173,6324,6332,6344,6382,6495,6500,6583,6588,6647,6702,6764,7022,7185,7470,7516,7586,7620,7673,7689,7854,7922,7961,8040,8136,8173,8266,8302,8422,8442,8528,8544,8552,8566,8904,8997,9031,9089,9169,9172,9188,9227,9360,9502,9521,9523,9605,9663,9746,9817,9832,9943,9954,10007,10114,10165,10222,10284,10286,10316,10373,10416,10472,10496,10551,10764,10815,10960,10981,11002,11073,11152,11181,11221,11253,11275,11341,11481,11570,11574,11597,11611,11626,11637,11688,11730,11762,11948,11967,11968,12034,12059,12167,12331,12437,12480,12627,12657,12658,12719,12737,12749,12814,12827,12946,13085,13157,13224,13304,13350,13392,13427,13443,13507,13525,13792,13913,13915,14099,14158,14199,14266,14365,14377,14604,14657,14988,15040,15041,15133,15188,15191,15328,15354,15361,15409,15513,15589,15591,15621,15670,15816,15869,15948,16024,16148,16149,16220,16361,16413,16443,16452,16545,16554,16908,16932,16968,16978,17046,17083,17158,17308,17330,17778,17779,17816,17901,17963,18015,18161,18174,18237,18291,18310,18527,18614,18722,18725,18728,19013,19051,19142,19160,19205,19288,19295,19312,19453,19676,19756,19825,19923,19961],[0.014758583133812894,0.012309828065048422,0.03978908829182146,0.05982101012945355,0.015527403453176028,0.008008661296861584,0.009756257006343496,0.07743702860634316,0.009464425701711798,0.12392431621350662,0.03137224909687816,0.023645160108662584,0.02118899181691313,0.0283932771051354,0.007566329724494083,0.014758583133812894,0.04729032021732517,0.01416223976447079,0.0283932771051354,0.012906171434390526,0.027349983507507322,0.04371042104517099,0.01416223976447079,0.009286195326061855,0.01105375973496816,0.06644397933294105,0.014758583133812894,0.014758583133812894,0.0398806734196357,0.0594702690131159,0.044275749401438684,0.007955739465089706,0.014758583133812894,0.033221989666470525,0.011410617731184786,0.02518280074738885,0.01416223976447079,0.016610994833235262,0.02210751946993632,0.047983164788242376,0.08438580450259568,0.015527403453176028,0.023645160108662584,0.012906171434390526,0.009655397294212824,0.008350291530097507,0.060896112018315456,0.01008390744219569,0.007802985594790456,0.020460761780585677,0.006350192246580252,0.012906171434390526,0.025617043557118,0.017078029038078667,0.014758583133812894,0.004834191120194598,0.016235513310973115,0.01089174254457131,0.01416223976447079,0.005496524636701057,0.027349983507507322,0.010327026351125552,0.09913567835129553,0.009464425701711798,0.010594495908456566,0.014758583133812894,0.009201348035545792,0.03221696602281617,0.013674991753753661,0.01122623668498919,0.015911478930179412,0.03978908829182146,0.01857239065212371,0.06210961381270411,0.015527403453176028,0.08855149880287737,0.008813354170571334,0.007566329724494083,0.03978908829182146,0.015527403453176028,0.010594495908456566,0.01416223976447079,0.09373824985566821,0.014758583133812894,0.04486343581413046,0.007071543019998151,0.01089174254457131,0.009655397294212824,0.07379291566906447,0.011851885411187549,0.009970168354908925,0.004483450940855922,0.013263029430607155,0.06690744222233694,0.04302502333101844,0.012055114928942241,0.24614985156756589,0.009373824985566822,0.02518280074738885,0.015527403453176028,0.04983298449970578,0.013373205639233932,0.013263029430607155,0.008008661296861584,0.017074096327562505,0.012309828065048422,0.012309828065048422,0.013674991753753661,0.05613118342494594,0.012906171434390526,0.029517166267625787,0.03221696602281617,0.016610994833235262,0.010738988674272058,0.010594495908456566,0.006497879830675139,0.015527403453176028,0.007226511946514094,0.021477977348544116,0.016610994833235262,0.029517166267625787,0.01089174254457131,0.014758583133812894,0.010327026351125552,0.00867266562628426,0.007753948160755403,0.005475727137402618,0.012055114928942241,0.012906171434390526,0.031054806906352057,0.10855527425057565,0.04102497526126098,0.0147820465432879,0.006321609458906552,0.005354230526025984,0.01416223976447079,0.015527403453176028,0.011822580054331292,0.03747961368218188,0.009464425701711798,0.013674991753753661,0.006183108769979038,0.094644257017118,0.012055114928942241,0.06965201223459518,0.039543454658306824,0.012906171434390526,0.007034165275427323,0.01674411578165136,0.14594107690485944,0.016610994833235262,0.028121474956700462,0.018928851403423597,0.015527403453176028,0.013674991753753661,0.01122623668498919,0.08008661296861583,0.029066800600153087,0.0026167860600618174,0.010438262641151568,0.01089174254457131,0.015527403453176028,0.010708461052051968,0.05354230526025984,0.015527403453176028,0.015527403453176028,0.019512514012686992,0.03871851430317158,0.08067125953756552,0.011608668705765863,0.01416223976447079,0.009861072996283951,0.018928851403423597,0.01727880690860119,0.017078029038078667,0.007348936336123425,0.33221989666470525,0.012591400373694425,0.01823822369892128,0.015316985657949927,0.01180307292266607,0.010457416365626056,0.00806265232855668,0.03082317732936021,0.02210751946993632,0.0683749587687683,0.024110229857884483,0.01792372532484063,0.011410617731184786,0.007226511946514094,0.013674991753753661,0.015527403453176028,0.033160934422030344,0.012055114928942241,0.02518280074738885,0.051442554352863976,0.016610994833235262,0.024110229857884483,0.022821235462369572,0.01089174254457131,0.006686602819616966,0.06196215810675331,0.023645160108662584,0.04878128503171748,0.011608668705765863,0.007186919145726574,0.003582199778200904,0.030391446403452097,0.02178348508914262,0.013263029430607155,0.01857239065212371,0.006820253926861892,0.015527403453176028,0.01911641206352484,0.017773153949699378,0.009464425701711798,0.015527403453176028,0.036165344786826724,0.019512514012686992,0.029517166267625787,0.01911641206352484,0.00408581822401138,0.004037004717679542,0.008474614651703186,0.005354230526025984,0.03239299809528534,0.012309828065048422,0.019512514012686992,0.01416223976447079,0.060171306289155624,0.007705794332340052,0.05058558362559865,0.014758583133812894,0.01105375973496816,0.02355881900779222,0.007266700150038272,0.009756257006343496,0.03340116612039003,0.05664895905788316,0.01089174254457131,0.016610994833235262,0.01105375973496816,0.008886576974849689,0.013263029430607155,0.010738988674272058,0.015527403453176028,0.033221989666470525,0.019512514012686992,0.009039330845148942,0.024110229857884483,0.008008661296861584,0.006686602819616966,0.022821235462369572,0.009201348035545792,0.02518280074738885,0.012055114928942241,0.007658492828974964,0.7122067614630752,0.014758583133812894,0.00823149574277332,0.027858585978185562,0.018402696071091584,0.007266700150038272,0.02245247336997838,0.022821235462369572,0.049239312260193686,0.06453085717195263,0.008350291530097507,0.011822580054331292,0.02518280074738885,0.007658492828974964,0.013263029430607155,0.015527403453176028,0.012591400373694425,0.033902782006819954,0.13974663107858426,0.02297547848692489,0.014758583133812894,0.011822580054331292,0.054699967015014644,0.00955820603176242,0.15527403453176028,0.012309828065048422,0.027349983507507322,0.05853754203806097])
================================================================================

